#! FIELDS ID WEIGHTS  mu_0  mu_1  cov_0_0  cov_0_1  cov_1_0  cov_1_1 
0 .365474055 0.510606 -2.688781 0.000623 -0.000119 -0.000119 0.000814
1 .014897830 0.649123 -2.316821 0.004984 0.009366 0.009366 0.069528
2 .292741344 0.568104 -2.694691 0.000800 0.000000 0.000000 0.001015
3 .010776526 0.743377 -1.626755 0.001082 0.004726 0.004726 0.195415
4 .177509959 0.519054 -2.659712 0.000932 0.000037 0.000037 0.002492
5 .121500327 0.623245 -2.680464 0.001353 0.000176 0.000176 0.001720
6 .001135765 0.784618 -0.567574 0.002284 0.000755 0.000755 0.005646
7 .000679222 0.853342 -0.108742 0.000941 0.000316 0.000316 0.029869
8 .001115075 0.680334 -1.801026 0.010540 0.003612 0.003612 0.010560
9 .001252072 0.751690 -1.200167 0.006034 0.001191 0.001191 0.006342
10 .000519825 0.643841 -2.192141 0.023956 0.011277 0.011277 0.012750
11 .001364993 0.498853 -2.810515 0.002466 -0.001110 -0.001110 0.000880
12 .001909698 0.470486 -2.515496 0.000774 0.001570 0.001570 0.004236
13 .002075849 0.753623 -0.927312 0.003358 0.001085 0.001085 0.006976
14 .001410767 0.807044 -0.354599 0.002653 -0.000839 -0.000839 0.010576
15 .001516507 0.692228 -1.499941 0.003886 0.001779 0.001779 0.012170
16 .001363694 0.782899 -0.736466 0.002723 0.002161 0.002161 0.008224
17 .002755499 0.747488 -2.659946 0.000671 0.001369 0.001369 0.007570
